avg_f1 = 0.5502991758473188
avg_precision = 0.7249454607856058
avg_recall = 0.45799417790226105
eval_f1_code_comments = 0.7202004810599127
eval_f1_commit = 0.5567058839734638
eval_f1_issue = 0.4696040296407999
eval_f1_request = 0.4546863087150989
eval_loss_code_comments = 0.14156109943144848
eval_loss_commit = 0.9085362265733156
eval_loss_issue = 0.8745369713429096
eval_loss_request = 1.004901843708615
eval_precision_code_comments = 0.7628558835477304
eval_precision_commit = 0.6748475828543972
eval_precision_issue = 0.7647067876552239
eval_precision_request = 0.6973715890850722
eval_recall_code_comments = 0.6820626648379626
eval_recall_commit = 0.47376632801161106
eval_recall_issue = 0.3388433237310189
eval_recall_request = 0.33730439502845166
global_step = 61864
loss = 0.2825096666055482
